4831838208
17592186109956
525344
537919744
1245184
22817013760
90
9663681024
141046793109504
264336
277562261512
8796361465857
35734127902884
8592031828
70403103953920
140815905062912
290271673712896
5243426
137510289424
318875568701440
1236951630864
219971061809152
550897057792
549755851780
1202590875664
824633729552
70369352351748
134332480
1099516350592
35459519545344
10995116802240
36009005844480
70403103924353
2199090496064
285474819
3298669174784
35459250258064
35360469942272
137456787460
140806241394704
35189212315664
281612584484864
35193104629776
5767201
141846126788640
140738161803264
70369887125508
4569861996544
68737449984
17592219598930
4726928
137476719616
17592186045828
2337536737280
103079743489
549760008356
1103940812840
140806241394944
1099647959104
68820172808
70918500007976
81364162445312
1116964126784
70643756630016
137438957587
35527969474048
8800387998976
275146867208
146034163712
20890788036612
17592253227520
4328587300
17592328667144
146030987268
10995116810368
68856840448
70368746864656
4406772760578
167841808
19825569042436
277086211
549760008242
8595439648
4466766120961
35184373399824
141012501594112
8589957122
105553125310464
321061690294272
74767864464384
6597071998976
275012276224
35202625703944
35734161475584
283736408080
671220000
70370892187776
35189206024200
5497564692480
140874927581184
19793356853248
550024773792
35459283550480
73015493888
141288326823936
1168298213892
39582427251200
4303356193
1075904770
1133871497476
144179208
356241767432448
43980469829634
282583078543360
17592255250704
141038672936960
131150
35185487773700
140741784391680
69599234
137522873344
808452097
9895640301570
281474994552864
692228
107374248064
1194000908292
155159887904
140737498056704
4697657344
137440067872
8899172499584
163827769409536
17609374367752
88029649764360
18730352410624
68813848576
281612415672480
360639813914656
17592186324994
18150536249344
140737488642050
4297083904
141839148548096
140806241648672
145170968363008
281475396141058
19864256528
302010376
68719755777
52776558174212
4475372716032
69055152256
70369432044032
68870488072
77309421570
352187320322
17592462870530
2818572812288
70900548096
146171496448
1717987966992
17185112608
10995116573184
8593098752
9347998417920
2214592928
351981160497152
276622737920
74766795407616
604061712
17592202829833
141149805740064
1237084835840
316659349129216
284825051201536
281474998730756
2203323990016
554173184
558614184480
277063270400
85904068608
292753560829952
141746503688
9895604652049
18176855244800
193514180707328
70377334112580
8937827074304
71403831936
303748677107712
141020990275584
38482906976768
67137792
17626550009860
17592790056962
22127671517186
141288317911584
294213652480
142807680000
307863256041472
85899870368
19797920186368
282024866742816
176132
1099515953312
4429709472
275456786432
4398051230721
38654968192
1735166918656
158329678856196
35184441329664
140875262984192
286147905388544
74090348544
2199056822528
2201439182850
1099511656464
1099520540816
89060441858056
35184374220801
18141941859394
2199325286400
17600796952576
8732541120
18260033536
17302096
140737506246688
566936080384
35184372369410
68724457728
37386079700992
18253612576
79234093809664
8796093161602
551920074896
145139829837826
37452114886664
145169894604824
20340965638656
274878189576
140824461445120
137573240840
137707455490
19791234596864
8589955120
140737488625698
72638634401792
74766790701058
90159953479688
2201188569088
140771923591200
9350143803398
4429194752
34366038017
76965813977092
140774129926144
281475651993632
175922397579264
26396879486976
36421624659968
290408509210632
6597342429184
316659684344064
2508262998032
9895638205568
18150531793416
137455879168
19791228174848
25232932864
1176829431808
35734665330688
21990233342208
70506216719360
69793743488
37383714111488
550829560840
9896141521410
109951431344128
811024
549890299904
35193238847520
2186346496
1382981566496
17592186050569
1133871407106
19861002519552
19791210381320
154619118592
142809890816
11039440896
17188261984
8972186681600
9345848852993
35218731900932
285615652864
1374959960072
1105014555648
299068035170304
8992588290
2152464640
1099520017184
9964328322048
211106233590784
71468660555776
307863389995520
8869107548160
180869662801920
285941809872896
35223035445248
9139690414082
30073159712
37383397965832
592709681664
293131780608
8590000240
8796168536068
549755851012
4966059008
824633761800
550158606336
35253091829888
1107300370
1100048499248
352118699458560
284071821824
140814797772800
558349979648
114349276528640
672169988
1168499541008
1100066324488
4429189154
17660913909892
2886486982656
1376520
81363860455464
140737488441346
73117523386368
140737907787776
70369818200064
9964592562688
26388280123520
158398394007568
2474236706832
35184926261760
8798576050304
36283887980544
36318260494336
35218748609024
160528731210752
550292820480
294669124894720
5502927904
71004399338496
9899908005890
9963776
37383399612416
275481887240
8796093034561
1101660178432
8593084432
17185112224
283467916288
73117524426752
88046854144
18691697673234
1074007168
8933532246144
6601364766721
38925303808
140741783347712
10202644488
69006802944
1099514380290
140737510375432
79233565066240
35463547322368
4295004169
8796635136256
1099513102336
687329116192
9896409958400
8592590848
140875061665792
282042247938048
277025390630
12094896349184
140876001574928
1075315232
550024249432
1649351852032
105226702849
140874948804608
140737924562960
35734127923456
72567843454976
7342081
18253611808
70368745751072
35326106009736
68998397953
70377334251536
275416876544
35219939786756
8830721327105
79199197069568
551974601728
70987220517888
142337900800
70368886849568
137439494432
4535485727104
37383395415040
10995116351616
143091130433544
17592253162112
554052882560
68721049888
284579332096
8891924740
140790102228992
285976102961152
537985184
140874929541120
35193230459152
17592324521992
1374389542930
70369079738369
688269033476
72705209008128
141287245218848
35188667129864
175921862803712
281474977760832
137976873092
382256283648
2163842
26388815939586
68736254098
18141958637824
140771999350784
1100586450976
549892390920
285873358768128
17592190238854
2216874214400
36292473659400
4398197522464
8797175154690
17729625003264
4399122350338
35184925999616
70377334138880
35184380481546
79302276153608
549755884160
4398180745233
86440476672
35321815499264
2148990976
137975826449
281475110969348
35184443392272
44019124011008
1074856224
70506185263104
140737488398592
137455749632
2199023329416
1118838980800
9899899683072
4462739616
140926466916608
11010320
2199561183236
962072678912
141736148993
141837033545744
72637560651808
2474438296064
17631914491906
70368744203272
72567914233856
301999232
281560876191744
70403175219202
8830454861825
4362084386
2281739264
18709968060416
1101927555076
17319938
4707418390528
105553116267048
35394825486340
68853729536
2201187516512
213305255923712