1238024356896
145273510692872
309242888324
141736023044
1110249050178
105598213423616
9345867841664
83563963744256
8804687200768
8813425983552
8796638808066
35227590197520
281630736646144
140737493598372
149808459809296
274896916482
4429320225
343664755328
17729625260074
8524100
618475294727
120259609089
146252226363409
70386997793824
2886218056768
290307577020418
1271310320004
70437463679234
81604378785
2473951494672
2267742803972
427711113723904
70952859863042
153935922856450
141020956526592
17452531760
545390617
17180368896
357341279092738
2514703384576
68722098693
17626547388672
2200115085376
17600788561944
2235534678016
292361863170
35253399846912
175956220445698
3444564426752
109152256
4690104828416
35218765381906
1378684504592
4947802382338
38724044800
19344199696
175943343931392
2611340133378
1619003401
141012501790784
277025458185
21998839283720
2203336052800
1099536798752
149567941135360
8797208708098
622774453760
263882790670340
20891794688000
4398784774272
68856856704
70437531158528
13606456426624
351845868378240
2250697097217
19335741592
9139698794513
19241453551625
17594334584898
175940248272900
17985210400
3435982229520
34869392
72569914934336
141012367319232
140874927579172
22024593080321
8796093155461
8796126610690
70387073287168
18691698721092
4672958055424
37933453148192
1100727976200
145139838485504
17596481044754
37383397968896
303465226063872
39625368273156
68755193992
275417145472
72602932478016
26388279070882
35184707682320
154694353920
19791746170906
28836352
70385924578304
873463940
140806212288584
281752070258752
1100588517504
8873402433736
147334592200832
17592190767121
351878617501712
18700304449568
1408749408260
26938039108608
70403106146306
1246748475408
439822099415048
74767059582976
299153129472000
140875074109448
8592203780
351843729276969
11003714600978
8798777507972
2290092066
269230212
9896179400704
1103874
87961203376256
17184104484
70919607288080
33648644
353294647296
14843406976001
48378545180674
69398954144
1207960176
309239812098
137726279681
137724170498
154481937350656
1099583472128
140857747963905
105554793988608
215512877368320
87986704228352
824633758336
2200233316354
412321583360
35288659263492
35184373205058
140840567840770
8950711853089
755947799680
70515578373120
105587478364416
35255843029504
560495330320
352118901309440
26530013511936
149602569289752
140771860938784
4831854662
1375463284753
8796095651970
2166362632
140875267047440
281477157782592
105621853045248
145169928160258
71537512161536
79750026625024
70867484818
282025806266720
140892107182848
2508596447232
687883776
275952699410
4399254487328
35192963076616
281509371068480
18142013162504
9261048832
24965021696
70866977924
35888746726432
6710923268
140876152047616
35223060381824
85899481122
552978090112
21477458192
439804718221376
37452133761024
33657472
281750124367872
2152792608
17592202838292
2285371394
290275377283080
141012912046592
9345916010768
12884934948
140737508278296
140741926518784
246290738841632
1374930600080
316659953565696
281613490459648
1146756431872
137439478116
568009461768
17594471940116
189117038592
83903048
1107329076
34370236417
2248220688
2272038290432
6599217251457
9127592452
284541585428
552037515812
3299081191936
149534119297156
83562883711493
1650408300552
325455475901440
70387031353344
137439608977
8800425804800
8814347829248
81363860490496
9071038105728
2202445938688
550310510604
290271073665024
141287814594720
2150105634
2791728775680
19793375658016
18141941989649
4471061086340
140737489453376
141304560877568
8864946717828
2218934784
422289774551040
4952103649280
137711585313
19808389693452
283677759111168
75351443111952
412317910288
321061690278146
17731776675857
17626562578434
556466704388
18142012145664
17592219605010
309248196610
159429186060356
294669120503936
2302136058880
37384477483040
1103810797856
18416828153992
1100451807232
12885431328
1100048506980
4947819642884
1202601328768
309271204866
17609970171904
2474177994816
284004714516
17592186101765
77309673993
281479273775552
550024316948
2207625773376
9346253651968
285875170722336
141021023314944
1101122240600
9620726764544
549781504264
70686571766272
1718523789448
4467036782720
143026705924160
2473917956640
299069318627592
141837671071809
71513352966144
5498095009944
17592287004672
18142277665024
567074099204
140737496785664
2819109683200
283468956224
8796101690624
140806207866960
585189425416
19007748
185267734446080
2283298816
17613933511680
35221148271104
87995357102592
275414794277
268505233
286152200290816
17600784386050
70377605170176
11544873156640
299616919094304
281750123055680
175921869112320
550376636928
552104887296
11068130746368
10997265859588
96757023244932
206177338368
19791746334728
141016661295264
8796635136288
73014468737
137441312913
154623280256
9106404442113
1374657970736
17592220680712
35184674086929
1101004816384
137774499074
672284736
2785286324240
246290606728192
2748788016128
140737498055936
286972803287042
4572057602
2474975168544
9071105164292
17630974968192
139955535876
1224770592
2233517213056
58275190013960
17597017894916
72567767695401
87965225845760
282179619913728
8797233872963
140755004033024
140892108244992
558899404802
8796650897920
96757096644608
27113029634
70957154829312
35326777098242
282574488405064
550309986340
87995294158852
1169842765826
140755209816064
10033046781952
292470629990404
171815469067
828928696337
18691991273473
37383462458880
35193230722056
35287456088064
18708877607952
140814797767056
214750464004
87960938644484
141046728638464
26938137640960
8933540368516
215504555868416
72567776879616
140876001089536
18167711858688
158364587786256
34624513
8865081196673
145187074736256
4298178848
34360148104
313566199812
73152856076
3231719428
12094632100992
1275234304
17734188400776
22059086315648
292074623008
8590074001
142405042180
280330503168
26942331944976
70370229026816
70368828114944
687261879424
18141942939784
601303830528
69256368257
4685817724928
2233383125042
73667279061316
20403322884
85901445504
72018012667976
70437532860440
140789040545856
140840567571524
8862597144
309237909521
1219788013568
137506201609
36283894464514
391701554266112
73568094210
4948205111296
83571490455552
28587319263232
72568304635904
325592881037344
378024231680
140755746160705
17750429712
4400196125312
1374658040064
8796228305952
550837981188
134293024
34385183232
806359073
18150540182024
71468390056256
141837138397248
70514789851392
1108806205444
283708645965824
2717975560
35184858628608
71204618240
8797435461892
36284202614784
52776692614272
70660804182048
17729759216416
299135882625536
4398593868801
1169338434560
360777781760
290275364720644
35356170788870
281749855701000
8796171665664
37452114821649
18144093536292
4948876329217
290548095125508
87960934555652
35253092090272
2422395109408
146104393744
1100723781768
35184381009929
145137682415874
140738564722689
71504763027536
178120883962016
17678118963200
140877074804992
35321978849280
2474303848464
1108101611586
8804685579266
145135536111744
8934069897218
2405181751428
36326833455136
281612818319362
550295961604
4398055032962
1117233610816
35257453641734