290545947709480
141872165163008
73847667687680
140883654082568
1099511738374
1670742417424
11000487084080
52776578187266
70438135022080
35322885062690
79167135809568
140806511927297
71768903516448
37658407472160
35218740478504
18159256012288
291387761296416
80333605175840
167469373194256
12099461841408
8590741768
1100049051652
70377418002704
45080513872388
4982531194880
35253360329472
105553385227528
69325684741
575609503936
8796114521090
72567768679456
70368815620612
12111807856648
316882687362048
184718088339472
35188805861440
20890723352584
290825121038496
281750124179456
17731810295824
140776428277761
9363029249024
137506148376
4690104291589
246291812614160
87963094500356
2201305029632
18691764781114
422247898547280
7785742338
426619369947650
71469203718272
17594622937600
303466283014176
567745839104
1408817955328
28726890857472
1374394139136
176196738914304
292607532468736
325468326756360
1100050728994
37387765825568
2199043309828
17592190501068
26426934296833
36352737452036
6597607227905
2216874213768
19800084480008
440354406957121
25289069428737
35498208788480
283468394500
299221781578384
43092282369
2473903260004
1208113154
285907786137856
1140884120
70369096664064
17264812560
347445674385920
422264004673712
176067894577152
551903822406
704526024704
6605731069953
37546604363780
1375698288640
292058107938
446743775248
70953468416
18176704249874
180388660002824
1153202913304
27917303969
36163624894472
72568850681856
387029704130560
1212160065
10741632004
13228566388866
70403391228416
17596497808000
2550923524
154618859545
36283892109700
229248178586144
158334439129096
566952482832
34917581829
18413011008
105699212328992
140740172972232
416624673280
35184912637953
9346385743938
70478538473472
140806227763201
27487924916384
283535213128
71468809453744
281474993529248
21990333255681
105553116315722
281477260511490
356278341738496
569085399044
431043052078080
68736811336
145135811960833
38552700215296
68864214048
217703302365448
140737497547784
427710107615232
1116960524296
36283953451264
422215687618560
176008061780096
206797012994
35600986016000
6599351566464
140807382368288
281476185817104
17596557690880
18145168327168
70411702379008
622904480002
276018888972
153354374
283737391128
19251159105536
308415160139776
53880373116996
427711398936576
35184573743200
2749855174912
2268012218416
19799804493832
34376796420
75887793946624
52776625537090
70952868186624
281509741215760
70514774115337
10771046472
36352871899144
141948686041088
70336512002
35188668366897
20066624606216
38688522377
8946417403008
17867365957668
1512902246536
9921377632256
19791477874694
1236950649224
37383797999619
307864329536544
9088150799748
351981159977232
286019056436224
35184980262961
281509605410896
9899899756549
4406663184512
287763865636
137456273414
604571784
35459252101896
4672925208708
246290605146704
4398057136133
2267743269384
211127711563848
141013239201793
275987318785
37658709458946
74904230166808
105690689442560
70511686058120
146269423009921
71468275736584
4296151121
34965831816
72567801008146
150641699734528
145169896178816
18141942383686
1168252076099
149536265748624
18150531830400
10995653410950
17663056154626
36490310582296
288076350881920
105827994206289
70643892879618
1211189167120
281478203189248
11562085515424
35460357357602
18727668285448
10995116285060
147335665422464
50577568694400
145135555870980
8890582450184
107752139559048
292057792632
1100996444164
4682621780096
74766857806872
9895605698755
4535619715841
19791219982848
360812904592
300167346521088
429496767008
39719858604066
146115920128
77310787716
140857752162304
71468525424648
80333202784264
70368823906816
20968302968832
4675212411904
387028109787408
35185450299520
140772921839768
17695282708480
738263178
299067163050178
1477473470464
141038672937104
9071243691264
71605695811848
2199157736548
18159121764866
35241280405636
36284958515392
26422659810304
43085990148
142970888396864
9071004500136
283862978789504
35803921646208
140874931650596
140876035655168
6597155782672
70787082
290477228175368
70369146867842
618492092800
140827684773892
114624103981064
87963749072896
70729538208260
552574517260
1142462874113
158368330154244
8882797690884
19791477802242
293570007269378
87995323581952
142807695434
2208017156096
299110146017280
8800958679296
20066090418208
17598632689762
155255332
18762581414016
1133972070404
35459258671360
635659355652
1237758115872
105571438035456
17742509965856
140961103511552
158471949385736
1086455878
19241454539272
322123612672
10170952384512
35184914727172
14293990965248
35188130447426
281749862482944
4535621779718
35201820405889
206226587715
140771984443394
69794009106
325458126176400
35202224095368
1099512224008
79164839461378
482112176162
141847738450080
281612583961120
17904108175364
35734531081224
283472052252
292487272859152
299204610364416
8869174599696
17186169936
9075274809984
72586289610816
1238033236048
71056006709280
141562256396288
145685831811080
23098338443776
30788476207232
353262116866
81364447723520
635672074240
214748921992
316695927325184
299204636573700
1718523855368
8800404783432
318858372257792
427177472425984
140772250747907
87961601310801
34395390597
71743133737096
246291146736640
37383676366912
334526958534656
9397422063744
9895738888352
71607842803712
17592253382920
36326833422353
18279385014281
72574212050944
9079560865290
290618962084868
352978146951168
722091901956
10995126800400
8796093290818
19808422728000
158331956118536
193788924395590
158433844658176
75868617834496
48378511640836
85909307584
4398113630977
36507500611
19808523388432
285874131566852
8804685054068
35751375994888
35270411943968
24189390061825
22093345341568
211174952075331
70403171038216
8805219861768
1138183372944
2552254468
70403175744256
35528036581445
281543966230528
550024872968
149606595838472
35203296854272
20890720927913
299170246299648
300237544488960
281509483253762
426885389550112
19838523146240
299205742952448
18279405985800
10453950415136
281475011383432
37384519549952
284223755788704
5772572362768
37693706764320
425201771012
70424579280904
53054120403456
17592221767168
566977627176
285888055611394
4399187380289
9904194635264
421980571656
140883819429888
140740323704844
9552007275264
71073152368928
141023107875088
281629665263872
8796228898816
1099789764640
154618865952
290279669105672
2542620707872
139586740482
149568008225424
9896812626208
21990301761681
370535427211268
72568505638916
40140898598944
36352608960516
281510549782528
4415238438920
1075594241
35803518468624
286079181652144
8798261479458
1203664601224
70945669120
35184657842433
12952076464
52776763723776
39994870726912
22060094980100
8933533156544
336519311134720
141083367440390
70403305279616
6736924905472
70377877340192
37400575288324
141871500232704
300175264321696
18691697885712
35596890279940
7713778565121
12094637344770
8933534072979
424412566266880
109969450074112
211140593320228
70506661282816
26457082429576
181711476359184
8798246830848
3848292860096
281544770496512
2791732938760
1151051498248
35463586910720
158330346537120
141839282110464
70403104973378
70643631005762
39865886443780
9070971553796
4402475729089
35889015193608
33855760
1082441734
71090299732994
281545038405664
316797065633792
158329745834144
140776177664018
4466938114
35597259899136
833760550920
35206148915360
316693742127136
140738562138692
4398652065920