35459719758372
356250357989386
87961082790176
288072050675824
18159133327362
69801885770
140806308635168
10997264024228
31894427140292
281887833849920
211106371147776
282600258273361
352016127756288
35253135646728
19791767159812
281492163985432
26388365607936
155709374612
21998839284368
79233591281936
1099646154756
35462538362898
213305259018240
4432475719689
8943330394256
279382655168
141081085805156
12953076033
354043114422272
334938729614368
9897754574864
67620032217344
10996191106056
283467910306
141991754629120
35184674674689
52879642592384
39617189904640
695920001184
9071341109760
107777980629024
8886304129552
299685908054272
35321811566919
74809807568904
281492160815492
38628936187908
35211224059936
303602648252435
4956799108100
281544300699660
352395760509184
211243942154272
10995118997776
2755756304
35188868382819
39857305421827
8950745403653
35185748346886
299068379168792
140876137365920
53910429589505
304702160110594
1447404093448
1374582540288
8864880166024
37422385594500
34376930432
37452182458388
301541869256736
211106783068162
107752206647617
18829137203216
1477485064
21990412947456
159437782515744
140756820050464
10170516177089
70406329340672
141442013987080
1376003555344
105640224653312
6615063330856
10995653181994
35751308329376
970931175496
276086952992
17627628478720
3453155803458
70405456921344
35322080047360
8873671004292
2405450190872
287764926728
70403108636177
73005854138368
88373381302016
4817078517760
18150533891100
145411486515395
6444812295
6631431677984
316660027490304
551402143816
325524329857024
35185446885576
286423114613000
35463554662944
1108713930904
1101930807296
492617716473861
74784241369096
35742720983122
70456291889152
222102288335360
140776277557272
107821194543620
17609500164576
11099271332880
72568304345636
74826920362004
18717536718848
123145369461120
96757025484802
53051572355110
26938041173256
4544081773056
125344728285216
275020810498
212227227402272
427297710571552
387582146117696
132010116973568
145290158149664
17905785905408
2199996629504
290408576451592
76965830723972
671105205
635791495200
1374928572936
2219982896
551392645124
71469338005768
388128691978240
618609641232
105690858520832
34394379267
18692016701443
2473985114660
414531477528
618745846016
71752273625088
74767966175248
910535692416
36353819541552
88235942879241
140986596528144
371085192201216
4569868419072
2752545292
246325232795928
110025250963528
12103759101952
26422789816332
72645143954564
52776565735616
70420292441090
35837745168400
143076230657
26459313819648
141905736312320
72018552706048
315577017041152
28879362232320
46179488448674
554324460704
37430774202882
22007446520192
145169904058944
70652282798082
18178516721666
18142076224536
23094173435136
278367601188
828998549506
426887679574032
493131233559616
37454816018688
70918514804992
9371752857866
18708879650834
51556647308
79173431397888
294673956471840
26397945431040
36294625337356
71536992059941
140738746646802
71605830033476
6480269952
10995452387332
2259152815110
8835068624896
73118076899600
92358976786444
10995663642672
79727616327688
299170309607426
33054202527904
35202765168768
141978868162688
284843313340416
140875063100440
4407039165060
35476439351328
18700354715701
31619566010370
22544289628424
36302003111940
282437737316352
44117904068997
158467146940624
48528852287488
72572333200384
36301607280640
301266186027848
2512857890944
140875483066369
8800388793473
141013440921680
230347690741760
106670143326208
212275009421320
1101256478760
281480483832964
1099546300696
176471751656000
147336235846656
140806209019918
68921638976
35777619951616
36284051521736
167142965381120
18691781695616
18142277437056
149619482825744
1100761530387
8806833603592
1185411184640
8830455054724
2371158804480
40938637328
140840584479784
8659667056
26422660301060
431284246544384
35201560416848
328700264454
1099608137732
17386457090
18004638173193
175964879847936
549833605408
154275770533888
292504457117760
19792081716234
351845878333584
20890721224962
145153000996870
19791511343112
283743394726020
313605097472
45389222774800
285690925056
81805707528
1114678370560
316797091316736
8843338719745
147334564677664
638722082
576196711428
213580167274528
35735371645184
137648943360
12919798775808
281543967842306
141046732333057
158492917235720
148468448370688
281479283347460
37527813620232
8901319860356
24189524279472
70506721051724
154690519680
17595475427976
141012936955392
558621523978
72568155930624
36283884505648
567808099080
35893042745348
70695170113576
88167491322880
4673193382412
4690112763904
431017953525760
8797704688392
859530379300
141287514787844
123282875552768
1443444559912
13194410594434
316661580169632
35469995835440
36301600854048
35270541971976
301317744508928
72610717436928
70781061564430
35185849532708
282626162163768
4982179365125
876307808772
140887813816328
35665476059156
105561976809472
19791209991170
825774850113
274979693120
36283900791424
310199990616072
284532994539776
26665304481858
214816525568
299084347080928
2233686040581
109976966136836
2302102603944
71469346325604
11408792096768
137716892960
155102014865410
35322415041032
70471897317380
301335174979600
8598357204
2492156936512
36595304497156
141305499951168
18726632038416
70387543064848
141906122441216
9079595501600
334528581206024
73323749310468
138514268584
283677761339392
13958693956
53361277698052
175921868906692
135291470337
1120988628034
13228508713089
290821362553860
141150879098896
19267223683584
552985444389
8247947839488
274885345794
290820833939568
39719858608388
70437866439700
16527034417161
35348119818242
75166269953
11039441288
281544031764564
11006323523584
11065450627088
35257990537218
149534756046856
282029033828352
1651419152580
8933666333856
18696026199052
145174256747648
44049252254240
26407608526336
4949682423936
23089878548752
439804653862936
141287247085580
146030477712
54977728919552
234747880013826
756451131468
141355964219536
6597087135747
140806509855816
8797234937993
35390598217748
671618322
2370830469123
1172660815616
211106253644292
281474978062616
149572253909249
316960030076928
4398180878722
35184642624774
7650423168
9363045552162
77443829825
321333381038336
210470174819
48451559882754
70923065566208
319000122786816
281613525057984
140875201118752
37383716339716
14569636365313
35532398665860
335007461441
387165802465408
35184986570896
281767051281184
275955871809
140802950144
281480513294336
3368330231888
73306996737
140739807838352
35200958977
141871361851984
3573949677860
151741496819713
81805723652
10995923943464
343322505789712
36839008239812
20976623419400
26392842995730
70373042291754
106103543203844
2474270273538
334320288923657
35361556271106
8898216472
563717079052
212206818953352
9797945356
35185244770309
554088665094
44534650114564
35495761676289
17884244607265
292093465601
8819719671840
175990983131200
413994583304
158931140624
44264537456642
37933218285588
71021713948681
360639855919624
6631471711360
316797729382400
140789028018180
8874478272848
19794510217232
89060713432320
158879564996610
211415470187530
140874970570756
72860932507136
10764157200
1100463742992
108860786606080
8796362507413
19791268610056
142970876330500
285908457111808
141012399956244
17610506764454
9998885199873
140862043463682
26457133813793
17729659691016
72567785260832
137824864768
140893721987136
147103194112
175973534564354
5909875564545
153932970115328
554055510036
282026343154244