11819565412
10995286230032
2199968035840
35185848537232
299213460340743
35185548691457
292333556768
88527865987240
72602950312192
18691771473922
3298825339910
35253637890194
178396301629440
8797166915890
301218415360
1375203561480
17806938079376
291508021232644
72586058811424
277193261664
212480630521968
70654091595778
145172512440320
61856125288466
140806210006036
69894021381
143632321495072
72604560007169
71203175801348
18007321739282
9384520581642
141068205064720
141154251702432
352119686955008
281590907146
70422724870432
140778660167684
140738360979472
18705254720512
431010722394240
140812717539841
144070416533312
5781848068112
160009027716
9074465312772
1174679872000
71066206605440
146232444033
8798245225580
159433615281664
123179696136210
27488394675298
86169895592
141564271697988
35811708895552
175922735486976
1116716835844
46179490613258
55010311274752
158342561448224
416650232834
141906794382208
70919108460610
52933324454144
311458545796
316695889838598
8980785266697
148434741231744
52931747383313
70447261565962
8886297960480
158433325091840
17627632697608
140892459630850
22269472539924
35193679249456
7713766507529
8834900377600
352118875856896
1109442868
211999653892100
19258677526530
70370355846688
39633958375968
35263988631552
19929196150800
53053583559686
83562892381188
140896410681608
2303278448896
970662703106
1627668764
35492200645
214749413816
38586187530256
31336127563776
70388608664198
35394962866240
18743258521664
6631702274308
1229019144
18708880163224
334257979531266
18247170721808
106103143137826
63776103677954
2475044111374
301405774807328
305664234639876
299205943892040
35300605690372
316797056324632
52832663339008
72569917804547
17850959413248
76983002207256
56084490356736
281566781800704
282041938645024
177296384217106
9921374855360
15401769779457
146178056224
35527969563009
114632811414272
825305870528
18791176208
44083821154562
70403911584016
10788311052
37675520819344
35203703655044
1237045084420
140780440363010
147360336838659
354184511889920
26972931498058
107770395299842
5506282358946
283882343628992
1237225840660
35322751615013
27492119478283
88116236931072
72572335100432
39608322867200
175991662059618
17875855737156
52785165074568
215527901478912
35461476122644
176755352535364
550848463650
20890725169168
107752144011412
142396956349444
4613740625
141150007463936
141579339759776
296690401472
23106924580913
75866386236033
74767128602628
365206454440
387028399308804
3367389632524
70927094649476
1117496946176
141837404867648
1376268611585
149544387215888
35223035850754
141740371969
1114074285060
74906544934913
211123479779856
105879542367232
17596617590791
18159206400288
150525313424
1658948035200
105905311997954
76966019662080
35472176849184
175922163494915
211176428937217
91817810889728
36284287430659
147338987308054
70506187866505
44019262951425
1112539153448
354043288420368
36146713284610
764705505317
9896812630044
13262926907397
140986730677776
70784349380740
9141974238240
36559303217192
8797370318993
79510582857730
220177606213634
3644281888770
248491776414464
275146510924
114452423835656
53137337753728
36490043719984
12116104839224
1108104714275
149611226857520
146235591833600
140806758384640
38483242846210
138261235844
71914932699394
352393754580994
156801982848
8804754268528
1374536433712
141562256318610
321074642324736
140875226185856
8798290866308
164172977422592
52923157454865
2353925194016
275557652489
431012920301056
2284925092612
28604488492040
35326109253892
57183329083393
9895618551880
554204923910
4724749275152
52949430607890
38088072241152
3616370901000
351846947357088
142939230634500
2750662348864
219945476685826
3333767038720
12918517796
351981166411812
26555816362496
17733959819393
81578743038592
106378085826816
109951298052146
15393297549056
35339110711552
183635638552576
9139963298568
3309406560784
26405461608480
8806848266819
57346672820242
72992973521408
343665021573
1101665421416
140737758918928
114626235729028
308069952160768
35476432252930
158468725278784
140780438819592
4484080353804
52879654920194
139184310298
18421182374024
281479456497808
1666450231300
6609963090185
284223889998792
1108244325504
54975623348400
53068651562032
38482920130560
211176035206160
12096779702272
8938917593233
18764728909961
285924650911748
141922950203392
141428995915802
550037359888
72572225998848
110505415049216
10205401124
492856760664064
281553359997040
70437480632339
37390106267777
277159645616
35351875831940
17592588965895
44272529248272
19903013191952
53876082656256
425004336480256
35220896224776
81364946911268
4675413753888
211176027873290
8865215287825
355176615548416
75042214117452
143761147429958
52918298349585
145208649982984
54975650693185
1100183766820
35192967528849
354592768661520
275151855713
158609249993472
73667354580096
3375848622596
299621222465800
18692101386384
158398662381620
18932350259200
17936320712708
284223761563654
140978057908225
79234194211340
8864888014624
73076834312
2611398877188
326452643584
34562654992
105563859452040
72430329659552
354593576853568
301266756567684
286423081190912
105553407246596
35185614553120
17661478175753
105828263150145
35223077660160
44272527087633
17628728393921
87969527760912
561569087586
86861452280833
213305269684352
151741244917888
303465754532896
35235916062768
4675474825744
46196702578816
26457099339793
284224830849160
146264326178
111052285034568
54975850905761
18146271199244
71700251738112
20083334186384
319483289796800
125344329767200
36283984643154
70404183162978
140807283804496
221285338587140
74810017186058
140772787653888
3436514973184
43050370309
143048248922128
53330810257680
149537072123936
158881041891520
10995670057522
35287486978052
10995674158592
72843186471264
45149906280449
141888682229892
52914035949604
143211662221336
494230477808640
70476139859972
6674715115776
54979878457904
27077624467458
2560071059472
9899901223444
841847933456
70403506573390
23089979065092
123695328661510
19791314291728
300237816332288
316798432772096
317759130206976
124287797428480
35751310405656
24198919524376
249039450817600
281475454928944
71348130940192
176265459927600
296487289380
19817684287488
282591670321353
423312247300368
70953195799050
144070385148424
633931008
87978653290528
2201313448200
281767319702064
37385551271968
70377604735236
79465570433
44624743760136
300166942967820
356310486900750
553048870945
18141992247680
159454989386056
307864598482968
584384084224
2200115978784
4432878633473
3301758206416
5500251938833
44049469806598
73706202267906
293019899150656
302325956866
21990266182402
52776836051072
17631181537544
19825571268784
70369952670222
70369082081550
140806483103752
158604554422480
70405268734728
30924572065793
47845938036992
550303055880
21182780933136
70369551106564
30803522356384
145164526428162
1099612389419
35190948921636
52811052253954
26733025691650
36558774599940
163345645584
160548025025548
70511015373824
70992118432260
1226376240
1627406451
1408889266177
841830400556
12094628988954
412386626576
14020990206464
36011690688531
9122513160336
281582367835200
19791477946370
52777027911778
79169803255928
74010885423360
100930147
52949027915785
6597616271552
184726577227792
46183851167744
282849643110448
140789096121379
141840222277761
52914268930368
142438832342032
246840369389570
340299956101120
43989122253200
176129229062272
123318175268870
17644270919730
19792853733441
127620792459266
97665568
18261065760
316797861536816
290346231795872
17593562562629
13162382401