316935300473456
35649436532868
54426365609024
281517953720385
246428674949120
11081158316033
35223194673472
44281149030401
141089777058816
4406658600080
35461402460624
18144894793730
72705609172356
313768575489
391735386570755
39631073050626
319418865336512
37418350674051
211518683652866
20085683044544
17661041070124
71700188235010
18245702778912
492856730976264
73119746540544
689545711745
140790123463169
37419911055936
157317140480
79723719917829
2317421575
369435978368784
492857297209354
106241519271946
9629636498432
387028932002560
285941776794126
85779086837304
151734836281664
758129631297
283692253594592
35598890968576
281561482136624
12653007298568
554051979666
72567776381336
55044907466896
31885856349184
321126115848248
18734651543939
7262568578
44392786051072
24705515658
290271877927940
73254997984514
43435039916546
211931951534084
17667557687472
282578281038944
9082052550672
140776814250248
8798818861064
17732580163968
1515066531880
4812712706690
17627049889793
6700428166152
212755507319812
10995133155633
6601390428291
4962868285473
105554196335138
422214084094112
316935842044928
58291330224257
2150750220
90173945708556
70972220752128
134149042602624
70420352273410
35857692229632
11202751106052
277076944900
8866995707942
88046833110016
5506283422992
17635169370505
9414976734210
4949983891979
299135950459928
312267828758528
354334936174864
497538411003912
53330676556050
72568321185924
3161907527728
70523648345123
88519301447684
281494306210752
8973598065668
19997384646864
283828791017604
286147918430983
123145843507339
4466951061744
38208029163972
31421980754984
73671204996096
11555961962560
128110353715201
257899496457
9002319401472
2512153608256
299344458940802
284105677932544
211587403352112
2476063371280
9895876235916
52779251339776
351843794355780
55117336412800
35270473285827
12654080966848
18691968287497
3438140230160
18144106430545
259759899934722
36318828627968
140737525061686
212207908966410
90297946220608
10995133645881
361196029478400
17828411867393
52939901388802
141305500534018
6614384001586
334836191494304
76420554522632
52096278529
17867117473800
2199566495842
9500470821936
7700935098504
141846328116776
13349900296193
106172807962624
9350345359393
211209650439172
4407106209411
1106027512608
9414839377934
492584565031424
38491506346005
246292754875904
319013060184064
17592727486502
6614251818056
285877521384448
145144259200544
229265689804814
211106369903362
36397709010944
2578603577346
9161174175776
636259670536
2201356353684
17661611746048
18847195217920
281595237901580
431043188818176
140808363744400
70583498998792
281756334850400
70388474219266
47287657562633
2346138484936
6601371025980
123561917292548
1649672194204
240820208904
17867135124481
19267227618560
141837541220450
31344874750980
19262962929984
283751319602184
71066810622468
140899623632910
140738629257246
106103142223912
125345938305024
281526723150344
281552392822784
215643886583873
53876626818112
74790413537287
282026888487616
145136206060560
9002830545032
282574488609885
35459521079584
94704029933571
70918518919308
141219331072001
39625569734661
628154712072
307880435781752
149602368239108
321333380845632
155705213336
17680245588080
4947817029681
22008154826816
412338229324
1650567872576
8946483996745
25289572877360
4410937753796
5497692572064
283619105298
2499705622536
231172590404160
290272352927744
70957173080577
171601166336004
105621850492962
20890723078536
123216178250016
12113959471618
36018401116484
2858577563712
1932737582081
282506976886916
13196691820560
17721035457794
17631679644684
17886996463760
285915990001793
8800492979211
105623790323712
72572130148512
37422151238147
4404627402820
141064042201729
79169941143564
70664157429922
211249577271304
4467109972496
246428328841217
17596818852368
70509422190641
70403509727368
151739047280864
424424374870272
497118314758272
17732584342529
26239649928
51946226176
2819385989128
423449709289488
351912449296412
52991309127698
9363053941265
145247220959236
282028496388368
75454192033793
79784398856194
8885283324096
149552942336258
70540862128128
303673532612736
75352772609
9913061544961
11001575544838
70644695933042
53362285355028
4436701947921
27513560516649
280114888776
71743604531266
40176466403344
19791278555560
35736410669210
29017068552256
28054727688353
70987623702788
284775160348736
57728118693896
52796157076000
18717536694529
18211480076288
246844730900673
549892768160
70567928004609
17661621698696
220044061753352
38553811747456
285873090407686
26663572215812
405170572239040
142409438594082
356862558470208
17593058594873
17592220165510
32995012511504
8822500917384
141167089942920
158334004011778
687471075338
193514190176648
5035004040
90178207090189
17806954498048
79236526768644
442317223756034
301805357068
71744221235200
140949049065794
334286498568216
429909047006224
70936219418886
70920849875010
167663108880
351959852785672
40413629136900
1652089167938
72027677425708
2749061181472
81389633945601
356248277229574
18246119989265
37400584061376
10034134406176
8603863564
321058519384835
316659621466172
150358254979328
10471818526720
138345594900
124261993877523
96826280125968
4434620859164
140771886182465
4964999497878
229255824867336
17730723924017
351981166665216
223475800065
17626625527832
147108964418
105690991722754
11489089945600
284038068174848
17613931432048
8882530355249
429378622210064
281770793108504
17635275248144
47285445067268
17921036255408
75595924897924
28050438750210
1649281173764
108388465778690
72570552469248
266356834501120
4403152822273
145685443822208
96842924704040
37109659404352
140875229507072
316693911056386
141837545380033
70995811566102
492719755625538
147473138457600
154082489140256
41817414307864
1202639209488
8805893181488
141425496883528
228836132783112
246634806513666
288073199913992
17635358285856
26440958524
36027798392992
17594664887808
44667669848592
704381717512
123171073428488
2216472273424
1134208745764
35218933288520
17749489422384
74775382458891
154890153994
74801973037121
286013763354632
36052005831808
303482464635916
35218867626261
38482940592459
71470429504416
360785910435880
177571404973136
1107129532513
215573132874764
492581248041633
370057603465352
36284557230342
303499578051088
1307685421200
145176539430945
145135870967964
20913271669264
6599294852112
52849593729280
220456527859714
153968370057728
20358698680480
52828332688640
17886408095296
35494960306186
13339095203909
3925644181520
40685219611009
70507395400768
35821109477536
4483988342288
40690554835976
35465695606912
17665758859284
48979941392401
492649931081000
2232611315712
11101754884096
38628979900552
19791244689586
52919368943619
316935304960000
292487344212000
49209591992328
127616904335361
35322953990563
105827997364257
140952305410120
79165386752049
9626104381584
71193388426306
140738038368340
13194156986417
19654309339140
37407022221312
176493628523012
105621970518279
3764918404
149653874544676
70791809991424
1123136311303
215800767054096
36559849009280
79204578395136
335351589636108
30797080838192
492924812926996
71262366341280
147335229276700
141287514179368
72577167069186
9002319808656
2205467829152
3848311693956
492856361886210
35214580563984
17453336066
35219004534825
9646530363913
35880161249287
137574110728
184856735680576
72602401923140
141216444350464
70399918360704
36460381077569
123299921154146
79164973000837
79716406001800
140792249453316
18056047820824
10514281349252
283811990513664
17910026797104
11287376953504
74807611230464
9912802363924
158330613934108
70409613872640
75557335334920