168775034915586
27490082885688
294670329319456
23106924118923
3850456089112
13230686126088
86135411233
206746289225
18765790183563
352471056681728
18073273271336
62139654742021
18006004465926
26388597944836
9930299952664
70661521342466
22058985617450
105604672865026
72194113685762
75731061178450
246467034882049
1100077914145
141029701600016
35296581258784
105845176781056
493131540857346
246841996255236
44255378409668
27015547322370
207652147268
36589230162176
286080813236361
285976109007912
212205744614402
1163970855424
106790121390094
4754579137156
37125732720640
4437851004993
4578435341329
71471502229605
88648137311264
98406627411976
26394658670592
92393608318982
9829303226496
72018556928209
3317862369404
53532472455212
8963614311296
26476325900409
427718613436940
105854309696000
424433030276680
300201046759432
39745767899393
228837476599940
94596366851
6648617801753
9149105045528
2422407962720
352051490604048
70370423740960
370536007991810
19929764466788
72292960854023
15431884671128
175999372886544
35192978287136
39618960560424
288081041688588
492929105797637
9105641612304
4569915688968
142112088244232
18388929297
84748580425744
212356471201794
318875561106560
14092953348
154002495451172
159437811745169
70473502691464
140844997118472
213580150997928
213308091172994
9356322676752
158468826792194
22157876838400
26401231613989
283158789489410
1108706506752
158648106496008
304564737721218
87961201963074
283958006071810
70946434713120
71683205628041
264295677984801
164654147965472
281613632479392
108302105477124
249039654225480
88192926894080
285881613164107
106120058536736
210489250840
42631912556800
8826762178562
18734849720858
284223898444546
35184952681984
247699421021442
144585830465700
212291647758852
176025347579920
281647564981249
141356781559874
498217820248
126718985642018
281549299908804
492616827405568
39617088755730
294671270074376
26443846795264
10514685237252
74354759238176
334251805477912
147341034455440
14336601890972
387139939344384
72990419075586
279179313859
229806654883340
1194013623430
246883310635139
214490667828992
17901545529346
9075035996162
106380031742496
140789062993440
467052196265996
138013897224
31061342421532
322167678447618
248765646668817
58411957917712
173727166107650
439845470638112
72610918501128
88539240861824
6876058353792
284142419837569
38037052457072
142498458502529
281545850758240
167430743933184
11067059868680
140738306263650
145169913880664
141022667486240
36290628227331
281492365770886
35270307398274
494782698758402
13745070949392
343086416790640
142675189833732
17592455639876
72852361462788
35060224416
18157117906980
18282410475520
212484952818210
19808947112704
61573209031060
82472029324672
281909334642720
4416367765265
70652213079944
2338635137432
2201202860112
105841487519746
288072248854613
290409050325144
6746328408067
37392390078756
11064105398352
302385033969928
212206835828868
56624852549888
17732880990281
52956947329064
4514015871501
105739411521601
291371122446084
294738378949280
35734404801411
11000084695576
40308284866945
151758449935500
72602193428480
62689345554448
10452113558016
431017687975936
17768360445992
83602629079041
17661258002468
150643836732560
43447933272192
1657872253250
299102401286144
109987402219544
10651571593232
18167762571265
150525189217
246429123741200
37796804876288
327929545629728
26425092517892
70575515241032
72572333459218
524036612356
74846516091920
52918303195270
11000529161248
176335318210576
37383731039246
424553241395266
105553334651145
18142413193735
41855278911504
91261126066186
285460713964036
290447737862
281477006765136
132766029596929
6644940826
294738376854660
39608217880576
496982485371088
360796815622148
283695772663904
493689849795712
8940044695808
439826128306191
281477833228464
35188952302375
2499806265669
303465767142280
37465167777793
2337005389506
6601433041938
36833778499731
26463510234136
282461812992
36989353328772
4686145390662
32719064007744
18159536964482
9658039275564
124521841559682
281476078286850
4951896496129
427168925615632
71056492855699
66245713463297
10170851920450
3049427190338
18146379825548
35256724107265
149255375896
88030460792833
3923603622020
189133215303680
281526793181584
141842376049670
351972578492960
211622165483620
30787069575176
290286140956800
61644055675408
206210392088
72035197258624
39067024999424
13229851412610
70440160608361
106777462964225
3848831935500
11613876847216
35768588305175
4441038680074
44123291125952
36928451772417
3320012080472
123420323383301
79441141434408
108415796379648
17592456446479
114374983353478
149809277206632
17925059121184
9913327796248
2353655202950
74949361934337
22041847863424
37400600707876
35738494280322
37488488947712
22120569
621430705668
11012506913826
2479813059104
21994596209171
11238050384928
23090382178305
281492200695560
107761176215808
286423054026250
35037163533
18161923539458
1237494665250
108045038321665
442006362980528
141017475065880
318035921537540
229252604633410
79517579216936
71077480895244
71057286438980
2755306469392
283691213699140
294703611774244
457437664616448
212894558068744
36013307077506
1120617384320
72723059572870
1101914964880
26938337202252
8962258896928
73121835909712
352132561798160
142696002879503
8866189018276
9077958709825
18213010932753
158475904729360
74852832838680
31147305207810
36284018229942
294703710867500
106138456621408
141840091578625
4406842246282
36284426930243
584834876464
2205500834245
71060256162304
37430698778688
557877043760
36586946955
52914270773301
54992996192257
422489775681667
833401140224
62139620525616
28595909198087
492925477847177
38551777447682
284498769023364
494850562639904
140988208119836
9088659358212
1134146632708
4672962972737
146243638107136
9208681599560
193522651201696
5379244657
899812960896
53202033574176
10997618248720
427188386136320
208509075722
229806528790677
139117743440
13267155574881
475824396470272
155998945392
354540960624704
37383500726947
149606876873600
159499047145512
52982723450882
70540947101188
53755946024964
111613316194308
6597619223976
8796228358269
18335618039939
133041188003842
9073143589316
63926327332896
22058989520160
1700857649232
37546604513796
290357240663064
284241069875545
1100051069442
276186630281
152008302559264
352153768296492
9003931289872
458497323959298
2645699891073
10464796893188
206699810886
26457001469200
211657204830346
211587539403850
448948640760320
36562033199618
17919266306
704576094659
492719185122328
70386058641860
142111937692681
94691857152
4621519162393
110509510738056
75967841304
26527065965320
38498014855238
4442078407936
313012784137
70368830195532
387372764127584
44206087225488
9007899149316
213590959194256
53051638428226
4475557529352
123695485948960
54994386550976
318858946822816
52783017509923
11270297495044
71481695552004
39686035746961
9895621827233
8866960093274
72722386278288
87961502942740
264166261653728
20277757087744
431018525917441
144038181480577
263899979022882
316728957798404
18210862760330
19107186696
158435977009184
5523365823621
98406443257858
281476199219332
1374668587294
19795541565536
88579680325636
35536718923856
247476555088130
36559937341474
7356809224193
6700484573192
2219039261320
48795157017344
36296256917552
73667292726291
11048811826194
211628072140802
176493100533774
4436706476401
282050770862264
4441549982468
65970899783689
144588228550788
88175746482313
70716973654022
389244296462628
26564507208864
323394132280576
72156536973320
70748984061986
13230689289360
281544267228688
107761081909636
428827796898344
178215909886336
211209816246272
35193505351192